level, points, acq_gem, purchase_gem
1,0,green,[2,1,0,0,0]
1,0,green,[1,1,0,1,2]
1,0,green,[1,1,0,1,1]
1,0,green,[0,1,0,2,2]
1,0,green,[0,0,0,3,0]
1,0,green,[1,3,1,0,0]
1,0,green,[0,2,0,2,0]
1,1,green,[0,0,0,0,4]

1,0,white,[0,2,0,0,2]
1,1,white,[0,0,4,0,0]
1,0,white,[0,0,0,2,1]
1,0,white,[0,1,1,1,1]
1,0,white,[0,3,0,0,0]
1,0,white,[0,2,2,0,1]
1,0,white,[3,1,0,0,1]
1,0,white,[0,1,2,1,1]

1,0,red,[2,1,1,0,1]
1,1,red,[4,0,0,0,0]
1,0,red,[2,0,1,0,2]
1,0,red,[1,1,1,0,1]
1,0,red,[2,0,0,2,0]
1,0,red,[1,0,0,1,3]
1,0,red,[0,2,1,0,0]
1,0,red,[3,0,0,0,0]

1,0,black,[1,2,1,1,0]
1,0,black,[0,0,2,1,0]
1,1,black,[0,4,0,0,0]
1,0,black,[0,0,1,3,1]
1,0,black,[2,0,2,0,0]
1,0,black,[1,1,1,1,0]
1,0,black,[0,0,3,0,0]
1,0,black,[2,2,0,1,0]

1,0,blue,[0,0,2,0,2]
1,0,blue,[1,0,1,2,1]
1,0,blue,[1,0,0,0,2]
1,0,blue,[1,0,1,1,1]
1,0,blue,[0,0,0,0,3]
1,1,blue,[0,0,0,4,0]
1,0,blue,[0,1,3,1,0]
1,0,blue,[1,0,2,2,0]
