2,3,white,[6,0,0,0,0]
2,2,white,[0,0,0,5,0]
2,2,green,[4,2,0,0,1]
2,2,green,[0,5,3,0,0]
2,2,red,[0,0,0,0,5]
2,2,red,[3,0,0,0,5]
2,3,black,[0,0,0,0,6]
3,3,white,[0,3,3,5,3]
3,5,white,[3,0,0,0,7]
3,4,white,[0,0,0,0,7]
3,4,white,[3,0,0,3,6]
3,4,blue,[6,3,0,0,3]
3,4,blue,[7,0,0,0,0]
3,5,blue,[7,3,0,0,0]
3,3,blue,[3,0,3,3,5]
3,4,green,[3,6,3,0,0]
3,4,green,[0,7,0,0,0]
3,5,green,[0,7,3,0,0]
3,3,green,[5,3,0,3,3]
3,3,red,[3,5,3,0,3]
3,5,red,[0,0,7,3,0]
3,4,red,[0,3,6,3,0]
3,4,red,[0,0,7,0,0]
3,4,black,[0,0,3,6,3]
3,5,black,[0,0,0,7,3]
3,3,black,[3,3,5,3,0]
3,4,black,[0,0,0,7,0]